2.592623562408787166e+02
4.748748278672848073e+02
6.169587837071715057e+02
6.781772563026523812e+02
6.743889491526281290e+02
6.371231555805178459e+02
6.008718825794663871e+02
5.900984721176616858e+02
6.108896080147217162e+02
6.503270911864674417e+02
6.836414528041686935e+02
6.861890725656307950e+02
6.454262930366805904e+02
5.680540946147516479e+02
4.793752172806886733e+02
4.149261576419399375e+02
4.074609141784568465e+02
4.742139780152134563e+02
6.093425750281204500e+02
7.845452525225239242e+02
9.577949919107738879e+02
1.087072199866661094e+03
1.144097670245344034e+03
1.123065609172736231e+03
1.041262076127780347e+03
9.315070230186021263e+02
8.294170252928853415e+02
7.603887119138551043e+02
7.312303927698162624e+02
7.295187578871235701e+02
7.307430786170583588e+02
7.102787988322254478e+02
6.553640827484545071e+02
5.722528125817143518e+02
4.855857056661130855e+02
4.300416231759795664e+02
4.373454560041708419e+02
5.235594788094704199e+02
6.815574677532217720e+02
8.816778784387095129e+02
1.080493401979783357e+03
1.234581342710838271e+03
1.314293977822908118e+03
1.312528059281940386e+03
1.245377901754967070e+03
1.144609374825743998e+03
1.044951096508520550e+03
9.711021242133406304e+02
9.293830349446119499e+02
9.071067811865476642e+02
8.797313956489464317e+02
8.228362156548213306e+02
7.240951216552093683e+02
5.904203578783467492e+02
4.473188246498663148e+02
3.305232741595278867e+02
2.729752857469456444e+02
2.920875210678070744e+02
3.821852678492820701e+02
5.151243682287105230e+02
6.490237156989863934e+02
7.419976755672428226e+02
7.658885234664123800e+02
7.149989963880429968e+02
6.067103109293085481e+02
4.739238324226220129e+02
3.523234904467967681e+02
2.673589487952921218e+02
2.258770294941535894e+02
2.154782660407909702e+02
2.116610166086592528e+02
1.897950255991756876e+02
1.370980002723221389e+02
5.978869555018100357e+01
-1.754182372602217299e+01
-6.027867151679598123e+01
-3.677499553203810478e+01
6.893969158287623600e+01
2.496339990988288946e+02
4.755282581475760253e+02
7.030645510186062666e+02
8.886776114509368654e+02
1.002565754140532476e+03
1.037460991568535064e+03
1.009282779447512780e+03
9.496127064705174234e+02
8.929864226169455605e+02
8.639020992668440613e+02
8.684723098680700559e+02
8.937957144489010943e+02
9.151106178774736009e+02
9.077720692791822330e+02
8.592259936421057773e+02
7.761539200910555110e+02
6.838301927829647866e+02
6.177540925719216602e+02
6.106337418602596472e+02
6.796492893265535713e+02
8.188953795686936701e+02
9.999999999999993179e+02
1.180857885394626237e+03
1.319363831404909888e+03
1.387146008063680028e+03
1.378299364284621788e+03
1.310004474683291846e+03
1.214970009115103721e+03
1.128695917268252515e+03
1.076457333349773990e+03
1.064936697555641558e+03
1.081580966741374596e+03
1.101746342441477736e+03
1.100672402190533830e+03
1.065459198626587977e+03
1.002220817406978313e+03
9.354570613478413179e+02
8.997053306887269173e+02
9.265490827750618337e+02
1.031909759902946234e+03
1.208521478578052211e+03
1.426584774442729213e+03
1.642536718556262713e+03
1.812821846325571869e+03
1.907663057191772396e+03
1.919831643293299294e+03
1.865300888748596208e+03
1.775720555817781133e+03
1.685708552998569758e+03
1.619859079332863757e+03
1.584394134912571872e+03
1.566534782335944783e+03
1.541654230683233891e+03
1.485254411292435179e+03
1.384939538429585127e+03
1.247560221585264799e+03
1.098570017778874217e+03
9.736568546159872994e+02
9.057261992701278359e+02
9.121634729818804317e+02
9.872757191510586381e+02
1.102909620521183342e+03
1.217184049124895182e+03
1.288222503683572995e+03
1.287885528929714837e+03
1.210503211392051071e+03
1.073493106550195307e+03
9.098017813825750864e+02
7.551670683020115575e+02
6.351010391880017778e+02
5.565211998774311724e+02
5.071067811865477779e+02
4.624425582400174335e+02
3.979920876440379516e+02
3.010739305110260489e+02
1.780143558215593487e+02
5.351819490540159308e+01
-3.768007978456024887e+01
-6.380866515149813267e+01
-8.767235404885127537e+00
1.203470486719863999e+02
2.938926261462355569e+02
4.684530363333343530e+02
6.006072768947910845e+02
6.607001799920926715e+02
6.416119667820147470e+02
5.594114237657863669e+02
4.458300189190302945e+02
3.355532541163619271e+02
2.532285493712060429e+02
2.051165499040884583e+02
1.784622415919701552e+02
1.486479469420143005e+02
9.116987121629085777e+01
-6.388308082667748522e+00
-1.372112417490386065e+02
-2.758952113975990983e+02
-3.868165038033795327e+02
-4.371479826868294936e+02
-4.095963593760781123e+02
-3.099601555144769236e+02
-1.665112637726304570e+02
-2.126192456351286353e+01
8.376823406324530197e+01
1.202851857522889247e+02
8.245361668777015041e+01
-1.248448956887764361e+01
-1.317676118216668897e+02
-2.398517023236566104e+02
-3.114264433941812058e+02
-3.397832522453494448e+02
-3.374581611060057753e+02
-3.290871441395565284e+02
-3.394320049890529845e+02
-3.814032603973744244e+02
-4.489065289434875581e+02
-5.174707576969374259e+02
-5.525962172440257518e+02
-5.227458822878866158e+02
-4.120533097110308063e+02
-2.278477216172400688e+02
-1.836970198721029848e-12
-5.185247124817574615e+01
-9.497496557345695578e+01
-1.233917567414343068e+02
-1.356354512605304876e+02
-1.348777898305256144e+02
-1.274246311161035692e+02
-1.201743765158932717e+02
-1.180196944235323429e+02
-1.221779216029443376e+02
-1.300654182372934997e+02
-1.367282905608337273e+02
-1.372378145131261533e+02
-1.290852586073361294e+02
-1.136108189229503296e+02
-9.587504345613773182e+01
-8.298523152838798467e+01
-8.149218283569136645e+01
-9.484279560304268841e+01
-1.218685150056240900e+02
-1.569090505045047905e+02
-1.915589983821547833e+02
-2.174144399733322075e+02
-2.288195340490688068e+02
-2.246131218345472575e+02
-2.082524152255560637e+02
-1.863014046037204139e+02
-1.658834050585770683e+02
-1.520777423827710209e+02
-1.462460785539632582e+02
-1.459037515774247140e+02
-1.461486157234116661e+02
-1.420557597664450782e+02
-1.310728165496909128e+02
-1.144505625163428704e+02
-9.711714113322261710e+01
-8.600832463519591897e+01
-8.746909120083417122e+01
-1.047118957618940840e+02
-1.363114935506443430e+02
-1.763355756877419083e+02
-2.160986803959566771e+02
-2.469162685421676429e+02
-2.628587955645816123e+02
-2.625056118563881000e+02
-2.490755803509934196e+02
-2.289218749651487883e+02
-2.089902193017041157e+02
-1.942204248426681374e+02
-1.858766069889223900e+02
-1.814213562373095385e+02
-1.759462791297892750e+02
-1.645672431309642718e+02
-1.448190243310418737e+02
-1.180840715756693555e+02
-8.946376492997326579e+01
-6.610465483190557734e+01
-5.459505714938912746e+01
-5.841750421356141487e+01
-7.643705356985641686e+01
-1.030248736457421046e+02
-1.298047431397972673e+02
-1.483995351134485645e+02
-1.531777046932824646e+02
-1.429997992776085880e+02
-1.213420621858617068e+02
-9.478476648452439690e+01
-7.046469808935935930e+01
-5.347178975905842435e+01
-4.517540589883071789e+01
-4.309565320815819689e+01
-4.233220332173185341e+01
-3.795900511983514036e+01
-2.741960005446442850e+01
-1.195773911003620071e+01
3.508364745204434421e+00
1.205573430335919660e+01
7.354999106407620779e+00
-1.378793831657524649e+01
-4.992679981976577608e+01
-9.510565162951520790e+01
-1.406129102037212419e+02
-1.777355222901873617e+02
-2.005131508281064896e+02
-2.074921983137070072e+02
-2.018565558895025447e+02
-1.899225412941034961e+02
-1.785972845233891064e+02
-1.727804198533688123e+02
-1.736944619736140112e+02
-1.787591428897802075e+02
-1.830221235754947315e+02
-1.815544138558364580e+02
-1.718451987284211668e+02
-1.552307840182110965e+02
-1.367660385565929460e+02
-1.235508185143843320e+02
-1.221267483720519351e+02
-1.359298578653107086e+02
-1.637790759137387226e+02
-1.999999999999998579e+02
-2.361715770789252531e+02
-2.638727662809819776e+02
-2.774292016127359943e+02
-2.756598728569243804e+02
-2.620008949366583693e+02
-2.429940018230207386e+02
-2.257391834536504973e+02
-2.152914666699547865e+02
-2.129873395111283116e+02
-2.163161933482749077e+02
-2.203492684882955359e+02
-2.201344804381067775e+02
-2.130918397253175840e+02
-2.004441634813956625e+02
-1.870914122695682522e+02
-1.799410661377453948e+02
-1.853098165550123611e+02
-2.063819519805892355e+02
-2.417042957156104421e+02
-2.853169548885458653e+02
-3.285073437112525312e+02
-3.625643692651143510e+02
-3.815326114383544791e+02
-3.839663286586598474e+02
-3.730601777497192302e+02
-3.551441111635562038e+02
-3.371417105997139743e+02
-3.239718158665727401e+02
-3.168788269825143971e+02
-3.133069564671889680e+02
-3.083308461366467554e+02
-2.970508822584870359e+02
-2.769879076859170368e+02
-2.495120443170529541e+02
-2.197140035557748377e+02
-1.947313709231974599e+02
-1.811452398540255615e+02
-1.824326945963760807e+02
-1.974551438302117390e+02
-2.205819241042366627e+02
-2.434368098249790364e+02
-2.576445007367145763e+02
-2.575771057859429902e+02
-2.421006422784102199e+02
-2.146986213100390728e+02
-1.819603562765150286e+02
-1.510334136604023172e+02
-1.270202078376003527e+02
-1.113042399754862402e+02
-1.014213562373095527e+02
-9.248851164800348101e+01
-7.959841752880758747e+01
-6.021478610220520977e+01
-3.560287116431187115e+01
-1.070363898108031897e+01
7.536015956912049951e+00
1.276173303029962725e+01
1.753447080977025507e+00
-2.406940973439727927e+01
-5.877852522924710854e+01
-9.369060726666687344e+01
-1.201214553789582169e+02
-1.321400359984185400e+02
-1.283223933564029551e+02
-1.118822847531572791e+02
-8.916600378380606173e+01
-6.711065082327237974e+01
-5.064570987424120574e+01
-4.102330998081769309e+01
-3.569244831839402821e+01
-2.972958938840286081e+01
-1.823397424325817084e+01
1.277661616533549704e+00
2.744224834980771988e+01
5.517904227951981966e+01
7.736330076067591222e+01
8.742959653736589587e+01
8.191927187521562814e+01
6.199203110289538188e+01
3.330225275452609424e+01
4.252384912702572350e+00
-1.675364681264905897e+01
-2.405703715045778424e+01
-1.649072333755403008e+01
2.496897913775528721e+00
2.635352236433337936e+01
4.797034046473132207e+01
6.228528867883623832e+01
6.795665044906988328e+01
6.749163222120115790e+01
6.581742882791130000e+01
6.788640099781059689e+01
7.628065207947489057e+01
8.978130578869750877e+01
1.034941515393874880e+02
1.105192434488051560e+02
1.045491764575773175e+02
8.241066194220616126e+01
4.556954432344801376e+01
3.673940397442059493e-13
